%YAML:1.0
R: !!opencv-matrix
   rows: 3
   cols: 3
   dt: d
   data: [ 4.5662503010066260e-002, -9.9100435663449560e-001,
       -1.2579865241847776e-001, 9.9012807848279094e-001,
       6.1604196469764533e-002, -1.2590199036270533e-001,
       1.3251914585761482e-001, -1.1880777798092153e-001,
       9.8403424120932104e-001 ]
T: !!opencv-matrix
   rows: 3
   cols: 1
   dt: d
   data: [ -9.1526915403028120e-001, 1.7495652020902666e-001,
       8.7456483671616656e+000 ]
R1: !!opencv-matrix
   rows: 3
   cols: 3
   dt: d
   data: [ 7.0083210776648741e-001, -7.0419455361534256e-001,
       -1.1377340366742372e-001, 1.4671739428075858e-001,
       -1.3784557580397528e-002, 9.8908239908906315e-001,
       -6.9807475454928647e-001, -7.0987323983285966e-001,
       9.3656929429446520e-002 ]
R2: !!opencv-matrix
   rows: 3
   cols: 3
   dt: d
   data: [ 7.4417415964395206e-001, 6.6485650654008710e-001,
       6.4580537544437433e-002, -1.0406519286181194e-001,
       1.9892382407745282e-002, 9.9437152451021926e-001,
       6.5982971723987338e-001, -7.4670617972094944e-001,
       8.3991817540124677e-002 ]
P1: !!opencv-matrix
   rows: 3
   cols: 4
   dt: d
   data: [ 2.1548545436522332e+002, 0., -3.1045707950592041e+003, 0., 0.,
       2.1548545436522332e+002, 6.3314664363861084e+002, 0., 0., 0., 1.,
       0. ]
P2: !!opencv-matrix
   rows: 3
   cols: 4
   dt: d
   data: [ 2.1548545436522332e+002, 0., -3.1045707950592041e+003, 0., 0.,
       2.1548545436522332e+002, 6.3314664363861084e+002,
       1.8952272522531759e+003, 0., 0., 1., 0. ]
Q: !!opencv-matrix
   rows: 4
   cols: 4
   dt: d
   data: [ 1., 0., 0., 3.1045707950592041e+003, 0., 1., 0.,
       -6.3314664363861084e+002, 0., 0., 0., 2.1548545436522332e+002, 0.,
       0., -1.1369900581001011e-001, 0. ]
