%YAML:1.0
M1: !!opencv-matrix
   rows: 3
   cols: 3
   dt: d
   data: [ 9.5253318039782448e+002, 0., 2.6224965147588529e+002, 0.,
       9.5253318039782448e+002, 2.3352501994835038e+002, 0., 0., 1. ]
D1: !!opencv-matrix
   rows: 1
   cols: 8
   dt: d
   data: [ -1.0717590917060152e+001, 1.6119776824256502e+002, 0., 0., 0.,
       0., 0., 8.2567149564666443e+002 ]
M2: !!opencv-matrix
   rows: 3
   cols: 3
   dt: d
   data: [ 9.5253318039782448e+002, 0., 3.9527648860646030e+002, 0.,
       9.5253318039782448e+002, 2.3162586589245245e+002, 0., 0., 1. ]
D2: !!opencv-matrix
   rows: 1
   cols: 8
   dt: d
   data: [ 1.1367220364738092e+001, 2.0269896587536905e+001, 0., 0., 0.,
       0., 0., 1.2929067087789024e+003 ]
